SMRO01 YRBK 211200

AAXX 21121

15015 02999 02501 10103 21090 39765 42952 57020 60001 333 4/000 55310

0////

22591 3//// 60007 91003 91104=

15020 02997 23104 10130 21075 30177 40377 58020 60001 81041 333 4/000

55310

0//// 22547 3//// 60007 91008 91111=

15090 02997 53102 10139 21075 30271 40364 58031 60001 82046 333 4/000

55309

01314 22468 30598 60007 91006 91107=

15108 02698 20402 11039 21122 38210 48624 50002 60001 81041 333 49108

55310

0//// 22776 3//// 60007 91006 91107 95100=

15120 02998 00202 10101 21089 39874 40376 57019 60001 333 55310 01465

22742

30284 60007 91005 91105=

15150 02997 33505 10126 21103 30152 40367 58021 60001 82041 333 4/000

55310

0//// 22416 3//// 60007 91008 91109=

15170 05998 10204 10097 21106 39559 42934 57014 60001 7000/ 80001 333

55310

0//// 22615 3//// 60007 91009 91109=

15200 02998 00303 10123 21082 30230 40376 57018 60001 333 55310 0////

22643

3//// 60007 91005 91106=

15230 02998 00805 10104 21122 30078 40376 57025 60001 333 4/000 55310

01379

22759 30282 60007 91008 91110=

15260 05999 01103 10083 21093 39831 40376 57016 60001 7000/ 333 55310

0////

22583 3//// 60007 91006 91106 95000=

15280 01/90 90509 11114 21161 37578 47110 52003 60001 73833 333 49184

553//

0//// 2//// 3//// 60007 91012 91116 92946=

15292 02998 02701 10104 21087 30072 40371 57019 60001 333 55310 0////

22757

3//// 60007 91004 91106 95000=

15310 02998 10104 10131 21074 30261 40347 58023 60001 81040 333 4/000

55310

01526 22706 30711 60007 91008 91109=

15335 02997 20205 10118 21096 30343 40350 57019 60001 82030 333 4/000

55310

0//// 22742 3//// 60007 91008 91109=

15346 02597 33502 10124 21100 30059 40351 58021 60001 82140 333 4/000

55310

0//// 22781 3//// 60007 91005 91105 95090=

15350 02997 00308 10125 21075 30235 40356 58021 60001 333 4/000 55310

0////

22552 3//// 60007 91014 91114=

15360 02997 20305 10053 21018 30331 40349 57014 60001 80002 222//

06032 20301

333 55310 ///// 22707 3//// 60007 91007 91108 92427=

15410 02997 01203 10120 21099 30267 40364 58020 60001 333 4/000 55310

0////

22771 3//// 60007 91005 91106=

15420 02997 50605 10124 21113 30238 40351 58022 60001 85030 333 55310

0////

22275 3//// 60007 91011 91111=

15450 02697 20804 10102 21102 30122 40360 57017 60001 81130 333 55310

01583

22854 30358 60007 91008 91109=

15460 02997 30503 10104 21094 30325 40351 58018 60001 83070 333 55310

0////

22413 3//// 60007 91008 91109=

15470 02997 30706 10104 21093 30231 40359 57017 60001 83040 333 55310

0////

22783 3//// 60007 91010 91111=

15480 05997 50503 10061 21039 30331 40349 58014 60001 7000/ 85050

222// 06046

2//// 333 4/000 55310 01174 22145 31970 60007 91006 91106 92427=